20000002
00001fe3
0000011f
13886004
1093e004
128be005
13946005
13148006
0fe00003
13886001
1304c001
10040001
10040001
10040001
10040001
10040001
10040001
10040001
10040001
10040001
10040001
10040001
10040001
10040001
10040001
10040001
10040001
10040001
10040001
10040001
10040001
10040001
10040001
10040001
10040001
10040001
10040001
10040001
10040001
10040001
10040001
10040001
10040001
10040001
10040001
10040001
10040001
10040001
10040001
10040001
10040001
10040001
10040001
10040001
10040001
10040001
10040001
10040001
10040001
10040001
10040001
10040001
10040001
10040001
10040001
10040001
10040001
10040001
10040001
10040001
10040001
10040001
10040001
10040001
10040001
10040001
10040001
10040001
10040001
10040001
10040001
10040001
10040001
10040001
10040001
10040001
10040001
10040001
10040001
10040001
10040001
10040001
10040001
10040001
10040001
10040001
10040001
10040001
10040001
10040001
10040001
10040001
10040001
10040001
10040001
10040001
10040001
10040001
10040001
10040001
10040001
10040001
10040001
10040001
10040001
10040001
10040001
10040001
10040001
10040001
10040001
10040001
10040001
10040001
10040001
10040001
10040001
80041020
