//J B WS ALUop  RA1   RA2   const     WA
  0 0 10   00000000000000000000000  00010  // reg2    = data_in         = sw_i
  0 0 00   00000000000000011111111  00011  // reg3    = mask            = 11111111
  0 0 00   00000000000000000001000  11111  // reg31   = shift           = 8
  0 0 01 00111 00010 00011 00000000 00100  // reg4                      = data_in & mask
  0 0 01 00001 00100 11111 00000000 00100  // reg4                      = reg4 << shift
  0 0 01 00101 00010 11111 00000000 00101  // reg5                      = data_in >> shift
  0 0 01 00111 00101 00011 00000000 00101  // reg5                      = reg5 & mask   
  0 0 01 00110 00101 00100 00000000 00110  // reg6    = no_sign_res     = reg5 | reg4
  0 0 00   11111110000000000000000  00011  // reg3    = mask            = ~(1111_1111_1111_1111)
  0 0 01 00111 00010 00011 00000000 00001  // reg1    = res             = data_in & mask
  0 0 01 00110 00001 00110 00000000 00001  // reg1    = res             = res | no_sign_res
  0 0 01 00000 00001 00000 00000000 00001  // reg1 = reg1 + 0 (x100500)
  0 0 01 00000 00001 00000 00000000 00001
  0 0 01 00000 00001 00000 00000000 00001
  0 0 01 00000 00001 00000 00000000 00001
  0 0 01 00000 00001 00000 00000000 00001
  0 0 01 00000 00001 00000 00000000 00001
  0 0 01 00000 00001 00000 00000000 00001
  0 0 01 00000 00001 00000 00000000 00001
  0 0 01 00000 00001 00000 00000000 00001
  0 0 01 00000 00001 00000 00000000 00001
  0 0 01 00000 00001 00000 00000000 00001
  0 0 01 00000 00001 00000 00000000 00001
  0 0 01 00000 00001 00000 00000000 00001
  0 0 01 00000 00001 00000 00000000 00001
  0 0 01 00000 00001 00000 00000000 00001
  0 0 01 00000 00001 00000 00000000 00001
  0 0 01 00000 00001 00000 00000000 00001
  0 0 01 00000 00001 00000 00000000 00001
  0 0 01 00000 00001 00000 00000000 00001
  0 0 01 00000 00001 00000 00000000 00001
  0 0 01 00000 00001 00000 00000000 00001
  0 0 01 00000 00001 00000 00000000 00001
  0 0 01 00000 00001 00000 00000000 00001
  0 0 01 00000 00001 00000 00000000 00001
  0 0 01 00000 00001 00000 00000000 00001
  0 0 01 00000 00001 00000 00000000 00001
  0 0 01 00000 00001 00000 00000000 00001
  0 0 01 00000 00001 00000 00000000 00001
  0 0 01 00000 00001 00000 00000000 00001
  0 0 01 00000 00001 00000 00000000 00001
  0 0 01 00000 00001 00000 00000000 00001
  0 0 01 00000 00001 00000 00000000 00001
  0 0 01 00000 00001 00000 00000000 00001
  0 0 01 00000 00001 00000 00000000 00001
  0 0 01 00000 00001 00000 00000000 00001
  0 0 01 00000 00001 00000 00000000 00001
  0 0 01 00000 00001 00000 00000000 00001
  0 0 01 00000 00001 00000 00000000 00001
  0 0 01 00000 00001 00000 00000000 00001
  0 0 01 00000 00001 00000 00000000 00001
  0 0 01 00000 00001 00000 00000000 00001
  0 0 01 00000 00001 00000 00000000 00001
  0 0 01 00000 00001 00000 00000000 00001
  0 0 01 00000 00001 00000 00000000 00001
  0 0 01 00000 00001 00000 00000000 00001
  0 0 01 00000 00001 00000 00000000 00001
  0 0 01 00000 00001 00000 00000000 00001
  0 0 01 00000 00001 00000 00000000 00001
  0 0 01 00000 00001 00000 00000000 00001
  0 0 01 00000 00001 00000 00000000 00001
  0 0 01 00000 00001 00000 00000000 00001
  0 0 01 00000 00001 00000 00000000 00001
  0 0 01 00000 00001 00000 00000000 00001
  0 0 01 00000 00001 00000 00000000 00001
  0 0 01 00000 00001 00000 00000000 00001
  0 0 01 00000 00001 00000 00000000 00001
  0 0 01 00000 00001 00000 00000000 00001
  0 0 01 00000 00001 00000 00000000 00001
  0 0 01 00000 00001 00000 00000000 00001
  0 0 01 00000 00001 00000 00000000 00001
  0 0 01 00000 00001 00000 00000000 00001
  0 0 01 00000 00001 00000 00000000 00001
  0 0 01 00000 00001 00000 00000000 00001
  0 0 01 00000 00001 00000 00000000 00001
  0 0 01 00000 00001 00000 00000000 00001
  0 0 01 00000 00001 00000 00000000 00001
  0 0 01 00000 00001 00000 00000000 00001
  0 0 01 00000 00001 00000 00000000 00001
  0 0 01 00000 00001 00000 00000000 00001
  0 0 01 00000 00001 00000 00000000 00001
  0 0 01 00000 00001 00000 00000000 00001
  0 0 01 00000 00001 00000 00000000 00001
  0 0 01 00000 00001 00000 00000000 00001
  0 0 01 00000 00001 00000 00000000 00001
  0 0 01 00000 00001 00000 00000000 00001
  0 0 01 00000 00001 00000 00000000 00001
  0 0 01 00000 00001 00000 00000000 00001
  0 0 01 00000 00001 00000 00000000 00001
  0 0 01 00000 00001 00000 00000000 00001
  0 0 01 00000 00001 00000 00000000 00001
  0 0 01 00000 00001 00000 00000000 00001
  0 0 01 00000 00001 00000 00000000 00001
  0 0 01 00000 00001 00000 00000000 00001
  0 0 01 00000 00001 00000 00000000 00001
  0 0 01 00000 00001 00000 00000000 00001
  0 0 01 00000 00001 00000 00000000 00001
  0 0 01 00000 00001 00000 00000000 00001
  0 0 01 00000 00001 00000 00000000 00001
  0 0 01 00000 00001 00000 00000000 00001
  0 0 01 00000 00001 00000 00000000 00001
  0 0 01 00000 00001 00000 00000000 00001
  0 0 01 00000 00001 00000 00000000 00001
  0 0 01 00000 00001 00000 00000000 00001
  0 0 01 00000 00001 00000 00000000 00001
  0 0 01 00000 00001 00000 00000000 00001
  0 0 01 00000 00001 00000 00000000 00001
  0 0 01 00000 00001 00000 00000000 00001
  0 0 01 00000 00001 00000 00000000 00001
  0 0 01 00000 00001 00000 00000000 00001
  0 0 01 00000 00001 00000 00000000 00001
  0 0 01 00000 00001 00000 00000000 00001
  0 0 01 00000 00001 00000 00000000 00001
  0 0 01 00000 00001 00000 00000000 00001
  0 0 01 00000 00001 00000 00000000 00001
  0 0 01 00000 00001 00000 00000000 00001
  0 0 01 00000 00001 00000 00000000 00001
  0 0 01 00000 00001 00000 00000000 00001
  0 0 01 00000 00001 00000 00000000 00001
  0 0 01 00000 00001 00000 00000000 00001
  0 0 01 00000 00001 00000 00000000 00001
  0 0 01 00000 00001 00000 00000000 00001
  0 0 01 00000 00001 00000 00000000 00001
  0 0 01 00000 00001 00000 00000000 00001
  0 0 01 00000 00001 00000 00000000 00001
  0 0 01 00000 00001 00000 00000000 00001
  0 0 01 00000 00001 00000 00000000 00001
  1 0 00 00000 00001 00000 10000001 00000  // на 127 вверх (первая)
//1 0 00 00000 00001 00000 00000000 00000  // остаться на этой